10011 Terri Brewer 24 9 2002 19 3840594038683
10012 Marion Frank 23 1 2003 21 1234567890123
10013 Eula Daniel 25 2 2004 20 3987654321123
94564 Patricia Allison 26 6 2002 45 8694668558824
72911 Anne Arnold 5 4 2001 12 5790321453238
97633 Dean Fox 16 12 1986 40 3557524837652
37723 Elena Byrd 20 11 1982 32 4986180431214
74485 Erick Dunn 29 3 1997 24 4790458826761
93102 Dora Shaw 3 5 1992 31 9964882462832
27966 Jimmie Jacobs 16 11 1991 32 4196180269804
73097 Lena Garner 23 10 2002 20 2480399453972
89686 Deanna Sutton 9 12 1998 24 7182131749801
41963 Allan Walsh 3 3 1998 24 6500261803978
83645 Cary Bryan 4 7 1983 46 2590945517293
68614 Wilbur Mack 1 1 1987 49 5788234309492
