18732 Carrie Gross 22 11 1987 43 2 Motorcar/jeep LTV 4.3 123.54 13 3 6277824778873 
94013 Clint Joseph 15 03 1994 32 3 LTV HTV Tractor 4.7 563.21 7 2 5972209981109
10383 Byron Todd 30 04 2002 20 1 LTV 4.2 524.2 3 1 4466637164274
31463 Homer Barnett 09 01 1995 32 2 LTV HTV 3.4 233.3 4 3 8268725667230
32758 Estelle Riley 25 05 1990 37 2 LTV Tractor 2.3 234.2 3 2 9978554445604
83064 Philip Graves 24 07 1989 38 3 LTV HTV Motorcar/Jeep 2.4 123.43 6 3 7809454305243
42910 Antonia Jimenez 10 06 1992 35 2 Motorbike/rickshaw LTV 4.6 487.0 10 2 5672285641350
13085 Josephine Mendoza 09 05 2003 19 1 Motorbike/rickshaw 2.9 343.3 4 1 9731815671229
49454 Lula Foster 21 04 1994 24 2 HTV Tractor 3.2 532.4 6 3 8608111413304
70549 Marco Ross 10 11 1994 24 1 HTV 0.7 575.3 3 1 8860805098046








