94564,83064,57743,92956,R,faisal town,johar jown,13.4,4,9,2019,2,32,43,0,123.32,3,intercity,3.2,2.4
68614,18732,57743,92926,R,faisal town,johar jown,123.4,5,9,2019,2,32,43,0,123.32,3,intercity,3.2,2.4
97633,94013,73540,74702,R,valencia town,model jown,123.4,12,3,2022,1,32,43,0,123.32,3,intracity,3.2,2.4
73097,13085,73540,95621,R,farooq colonny,superior town,123.5,16,4,2021,2,32,43,0,123.5,3,intercity,3.2,2.4
89686,94013,73540,25171,R,farooq colonny,superior town,123.5,16,4,2021,2,32,43,1,123.5,2,intercity,3.2,2.4
93102,70549,96710,39192,R,superior town,defence garden,23,2,9,2021,14,22,0,0,24.4,3,intercity,3.2,2.4
89686,31463,57743,92986,R,faisal town,johar jown,123.4,2,9,2019,2,32,43,0,123.32,3,intercity,3.2,2.4
83645,31463,43322,60723,D,lahore,karachi,500.3,1,4,2022,14,22,0,1,201.3,343.32,furniture
73097,32758,57743,85377,D,lahore,karachi,500.3,1,4,2022,14,22,0,0,201.3,343.32,qwertyture
37723,94013,22144,28753,D,shadab town,model town,545.6,1,4,2022,14,22,0,0,543.4,201.3,343.32,qwertyture
72911,70549,96710,79354,D,faslabad,sargodha,434.3,7,10,2020,14,22,0,0,43.4,201.3,343.32,qwertyture
68614,18732,85514,52586,D,sialkot,islamabad,766.4,4,9,2019,2,32,43,0,33.2,201.3,343.32,qwertyture
89686,31463,96710,79354,D,faslabad,sargodha,434.3,5,9,2019,14,22,0,1,43.4,201.3,343.32,qwertyture
68614,18732,85514,52286,D,sialkot,islamabad,766.4,5,9,2019,2,32,43,1,33.2,201.3,343.32,qwertyture
